4 5 4 5 4 5 4 5 4 5 4 5 4 5 4 5 4 5 4 5 4 5 4 1 
5 4 5 4 5 4 5 4 5 4 5 4 5 4 5 4 5 4 5 4 5 4 5 1 
4 5 4 5 4 5 4 5 4 5 4 5 4 5 4 5 4 5 4 5 4 5 4 1 
5 4 5 4 5 10 10 4 5 4 5 4 5 4 5 4 5 4 5 4 5 4 5 1 
4 5 4 5 4 5 4 5 4 5 4 5 4 5 4 5 4 5 4 5 4 5 4 1 
1 1 1 1 11 11 11 11 1 1 1 1 1 1 1 1 5 4 5 4 5 1 1 1
12 12 12 12 12 12 12 12 12 12 12 12 12 12 12 12 4 5 4 5 4 12 12 1 
5 4 5 4 5 4 5 4 5 4 5 4 5 4 5 4 5 4 5 4 5 4 5 1 
4 5 4 5 4 5 4 5 4 5 4 5 4 5 4 5 10 10 4 5 4 5 4 1 
5 4 5 4 5 4 5 4 5 4 5 4 5 4 5 4 5 4 5 4 5 4 5 1 
4 5 4 5 4 5 4 5 4 5 4 5 4 5 4 5 4 5 4 5 10 10 10 1
5 4 5 4 5 4 5 4 5 4 5 4 5 4 5 4 5 4 5 4 5 4 5 1 
4 5 4 5 4 5 4 5 4 5 4 5 4 5 4 5 4 5 4 5 4 5 4 1 
1 4 5 4 5 4 5 4 5 4 5 4 5 4 5 4 5 4 5 4 5 4 5 1 
1 1 1 1 4 5 4 5 4 5 4 5 4 5 4 5 4 5 4 5 4 1 1 1
12 12 12 12 11 11 11 11 11 11 11 11 11 11 11 11 11 11 11 11 11 12 12 1
