9 9 9 9 9 9 9 9 9 9 9 9 9 9 9 9 9 9 9 9 9 9 9 9 
9 7 7 6 6 7 7 6 6 7 7 6 6 7 7 6 6 7 7 6 6 7 7 9 
9 7 6 6 7 7 6 6 7 7 6 6 7 7 6 6 7 7 6 6 7 7 6 9 
9 6 6 7 7 6 6 7 7 6 6 7 7 6 6 7 7 6 6 7 7 6 6 9
9 6 7 7 6 6 7 7 6 6 7 7 6 6 7 7 6 6 7 7 6 6 7 9 
9 7 7 6 6 7 7 6 6 7 7 6 6 7 7 6 6 7 7 6 6 7 7 9 
7 7 6 6 7 7 6 6 7 7 6 6 7 7 6 6 7 7 6 6 7 7 6 6 
7 6 6 7 7 0 0 7 7 6 6 7 7 6 6 7 7 6 6 7 7 6 6 7
6 6 7 7 6 8 8 7 6 6 7 7 6 6 7 7 6 6 7 7 6 6 7 7 
0 0 0 0 6 7 7 6 3 3 7 6 6 7 7 6 6 7 7 6 6 7 7 6
9 8 8 8 7 7 6 6 3 7 6 6 7 7 6 6 7 7 6 6 7 0 0 0
9 8 8 8 7 6 6 7 7 6 6 7 7 6 6 7 7 6 6 7 0 8 8 9
9 3 8 8 6 6 7 7 6 6 7 7 6 6 7 7 6 6 7 7 6 8 3 9 
9 3 3 8 6 7 7 6 6 7 7 6 6 7 7 6 0 0 0 6 6 3 3 9
9 3 3 8 2 2 2 2 2 2 2 2 2 2 2 2 8 8 8 2 2 8 3 9
9 9 9 9 2 2 2 2 2 2 2 2 2 2 2 2 2 2 2 2 2 9 9 9